$ANSIBLE_VAULT;1.1;AES256
39666661646165636535353231306530313863656433336238663337383534643735333266306335
3733323537386130656533626632313561336434646430390a633937303533633737613430373262
63323935343839363435316663643437303334666536396637623839323532393361376461343138
6566613830653462330a613930313037396664393236346330303062336432623835643630616664
30623363626138363038393266396636346330333538363330626335633135653435633765353761
62313037386333383737346466333564633662356434663464623836643862653439626361343930
37623064396332303536616636613538396361613266616236646533663235333031353661373766
31663461316134396639356265623963613738656364393361373733663663636365373464303438
65303739633639626232346336326132323465616130303063386665383138393332383864636532
32363934336266353161653066363233633264666361346465393531666464333361396636613062
32613531316439653931383736386266353564393534323532393936636539386462356465653735
63393635383262333866666337616434326631333063393663393930353830303462393239306538
64336537373730316637376530356566306237353266636263323631356331623965613731636238
35306362333439353635383838386362633963643531616639643939386439343035303138323434
34323939663263613239623563653037353163313034646561383465396364663838323630636639
35643861656431323164303937386531643966663166656435383639616466333365313537313338
32373036373534663562353465363736323534376466353331656437396361613839323734633364
33343365313834373734663030653264663366613833383939323535333636636435353330333934
613463303537633931393837363937313364
